A:   -323.20000    879.90000    314.30000
B:   -609.10000    803.00000    809.30000
C:   -453.20000    252.00000    817.30000
D:   -182.20000    332.00000    347.30000
